,company_name_code,industry_code,job_title_code,location_code,Rating,avg_salary,salary_range,company_age,seniority,python,sql,aws,tableau,big_data,deep_learning,cuda,stats
0,175.0,30.0,155.0,119.0,3.1,222.5,34,30.0,1,0,0,1,0,0,0,0,1
1,236.0,42.0,49.0,35.0,4.2,222.5,34,55.0,0,0,1,0,0,1,0,0,1
2,31.0,11.0,49.0,19.0,3.8,222.5,34,42.0,0,1,0,1,0,0,0,1,1
3,186.0,15.0,49.0,120.0,3.5,222.5,34,23.0,0,1,1,1,0,0,1,0,0
4,18.0,1.0,49.0,119.0,2.9,222.5,34,25.0,0,1,1,0,0,0,0,0,1
5,170.0,9.0,49.0,166.0,4.2,222.5,34,13.0,0,1,1,0,0,0,0,0,0
6,271.0,5.0,62.0,28.0,3.9,222.5,34,27.0,0,1,0,0,0,0,0,0,1
7,429.0,12.0,49.0,14.0,3.5,222.5,34,33.0,0,1,1,0,0,0,0,0,1
8,199.0,9.0,164.0,161.0,4.4,222.5,34,40.0,0,0,0,0,0,0,0,0,0
9,424.0,17.0,49.0,37.0,3.6,222.5,34,9.0,0,1,1,0,0,0,1,0,1
10,272.0,17.0,49.0,77.0,4.5,222.5,34,11.0,0,1,0,1,0,0,1,0,1
11,3.0,27.0,49.0,157.0,4.7,222.5,34,7.0,0,1,1,0,0,0,0,0,1
12,286.0,16.0,57.0,153.0,3.7,222.5,34,58.0,0,0,0,0,0,0,0,0,1
13,278.0,7.0,41.0,122.0,3.1,222.5,34,50.0,0,1,1,0,1,0,0,0,0
14,240.0,11.0,49.0,194.0,3.4,222.5,34,37.0,0,1,0,1,0,0,0,0,1
15,168.0,20.0,85.0,194.0,4.4,222.5,34,26.0,0,1,1,0,1,0,1,0,1
16,411.0,31.0,52.0,151.0,4.1,222.5,34,8.0,0,1,0,0,0,0,0,0,0
17,64.0,7.0,49.0,107.0,3.5,222.5,34,78.0,0,1,1,0,0,0,0,0,1
18,195.0,17.0,30.0,142.0,4.2,222.5,34,35.0,0,0,0,0,0,0,0,0,0
19,391.0,24.0,109.0,198.0,3.5,222.5,34,6.0,0,0,0,0,0,0,0,0,0
20,397.0,9.0,49.0,119.0,3.2,222.5,34,8.0,0,0,0,0,0,0,0,0,0
21,311.0,31.0,72.0,119.0,4.3,222.5,34,12.0,0,1,0,0,0,1,0,0,1
22,138.0,11.0,90.0,139.0,3.5,222.5,34,56.0,0,0,0,0,0,0,0,0,1
23,166.0,30.0,15.0,6.0,3.5,222.5,34,163.0,0,0,0,0,0,0,0,0,0
24,356.0,1.0,49.0,37.0,3.4,222.5,34,31.0,0,0,1,0,0,0,0,0,1
25,284.0,9.0,49.0,9.0,4.7,222.5,34,20.0,0,1,1,0,0,0,1,0,0
26,220.0,32.0,56.0,131.0,4.2,222.5,34,27.0,0,1,0,1,1,1,0,0,1
27,232.0,2.0,70.0,95.0,3.8,222.5,34,72.0,0,1,1,0,0,1,0,0,1
28,215.0,20.0,49.0,105.0,4.5,222.5,34,18.0,0,1,1,0,1,0,0,0,1
29,145.0,17.0,49.0,162.0,2.8,222.5,34,8.0,0,0,0,0,0,1,0,0,1
30,31.0,11.0,49.0,19.0,3.8,140.5,56,42.0,0,1,0,1,0,0,0,1,1
31,271.0,5.0,62.0,28.0,3.9,140.5,56,27.0,0,1,0,0,0,0,0,0,1
32,89.0,27.0,49.0,19.0,5.0,140.5,56,4.0,0,1,1,0,0,0,0,0,0
33,12.0,30.0,147.0,173.0,4.8,140.5,56,98.0,1,0,0,0,0,0,0,0,1
34,85.0,17.0,34.0,189.0,3.6,140.5,56,15.0,0,0,1,1,0,1,0,0,0
35,310.0,53.0,10.0,20.0,3.3,140.5,56,24.0,0,0,1,0,0,0,0,0,0
36,337.0,17.0,14.0,96.0,2.7,140.5,56,45.0,0,1,1,0,1,0,0,0,0
37,6.0,24.0,49.0,133.0,2.7,140.5,56,23.0,0,1,1,1,0,0,0,0,1
38,162.0,17.0,49.0,35.0,2.2,140.5,56,23.0,0,1,1,1,0,0,0,0,1
39,125.0,31.0,133.0,169.0,3.4,140.5,56,57.0,1,1,1,1,1,0,0,0,1
40,70.0,32.0,27.0,19.0,3.1,140.5,56,50.0,0,1,1,0,0,0,0,0,0
41,225.0,30.0,101.0,145.0,3.4,140.5,56,111.0,0,1,0,1,0,1,0,0,0
43,38.0,5.0,130.0,177.0,5.0,140.5,56,4.0,0,0,0,0,0,0,0,0,0
44,131.0,17.0,49.0,135.0,4.2,140.5,56,10.0,0,1,0,0,0,0,1,0,1
45,296.0,5.0,23.0,28.0,4.1,140.5,56,174.0,0,1,0,1,0,0,1,0,0
46,216.0,9.0,140.0,19.0,4.8,140.5,56,11.0,1,0,0,0,0,0,0,0,1
47,196.0,32.0,49.0,15.0,3.3,140.5,56,23.0,0,1,0,0,0,0,0,0,0
48,160.0,20.0,49.0,162.0,3.7,140.5,56,7.0,0,1,0,0,1,0,0,0,1
49,315.0,17.0,49.0,28.0,4.3,140.5,56,24.0,0,1,1,0,1,0,0,0,1
50,158.0,1.0,27.0,162.0,4.8,140.5,56,9.0,0,1,1,0,1,0,0,0,1
51,375.0,5.0,49.0,28.0,3.7,140.5,56,242.0,0,1,1,0,0,0,1,0,0
52,263.0,17.0,49.0,162.0,4.0,140.5,56,11.0,0,1,0,0,0,1,0,1,1
53,189.0,27.0,97.0,151.0,4.8,140.5,56,20.0,0,0,1,0,0,0,0,0,0
54,430.0,17.0,79.0,118.0,3.5,140.5,56,24.0,0,0,1,0,0,0,0,0,0
55,363.0,24.0,32.0,1.0,3.7,140.5,56,97.0,0,0,0,1,1,0,0,0,1
56,50.0,5.0,140.0,157.0,3.5,140.5,56,11.0,1,1,0,0,0,1,0,0,1
57,401.0,31.0,118.0,162.0,4.1,140.5,56,17.0,0,1,0,0,0,0,0,0,1
58,302.0,18.0,49.0,162.0,3.2,140.5,56,12.0,0,1,1,0,0,0,0,0,1
59,130.0,45.0,54.0,157.0,4.5,140.5,56,29.0,0,1,0,0,0,0,0,0,1
60,365.0,29.0,27.0,64.0,3.8,140.5,56,160.0,0,1,1,0,0,0,0,0,1
61,366.0,2.0,101.0,203.0,4.5,140.5,56,13.0,0,1,0,0,0,0,1,0,0
62,429.0,12.0,49.0,14.0,3.5,144.5,52,33.0,0,1,1,0,0,0,0,0,1
63,170.0,9.0,49.0,166.0,4.2,144.5,52,13.0,0,1,1,0,0,0,0,0,0
64,117.0,13.0,87.0,31.0,3.8,144.5,52,37.0,0,0,1,0,1,0,0,0,0
65,49.0,32.0,34.0,46.0,3.7,144.5,52,28.0,0,1,1,0,0,0,0,0,1
66,415.0,31.0,49.0,119.0,3.7,144.5,52,11.0,0,1,1,0,1,0,0,0,1
67,164.0,17.0,49.0,167.0,4.0,144.5,52,17.0,0,1,1,0,1,1,0,0,0
68,380.0,5.0,26.0,37.0,3.3,144.5,52,8.0,0,1,1,1,0,0,1,0,1
69,75.0,5.0,55.0,23.0,2.5,144.5,52,39.0,0,1,0,0,0,0,1,0,0
70,190.0,1.0,36.0,201.0,4.2,144.5,52,17.0,0,1,1,1,0,0,0,0,1
71,380.0,5.0,67.0,150.0,3.3,144.5,52,8.0,0,1,1,1,0,0,0,0,1
72,40.0,9.0,114.0,162.0,4.0,144.5,52,41.0,1,1,0,1,0,1,0,0,0
73,77.0,28.0,13.0,137.0,3.7,144.5,52,98.0,0,0,1,0,1,0,0,0,0
74,264.0,5.0,120.0,84.0,4.9,144.5,52,49.0,0,0,0,0,0,0,0,0,0
75,26.0,29.0,27.0,29.0,3.4,144.5,52,22.0,0,1,1,0,1,0,0,0,1
76,175.0,30.0,39.0,119.0,3.1,144.5,52,30.0,0,1,1,0,0,1,0,0,0
77,384.0,31.0,49.0,194.0,3.5,144.5,52,4.0,0,1,0,1,0,0,0,0,0
78,183.0,30.0,49.0,119.0,2.9,144.5,52,38.0,0,1,1,0,0,0,0,0,1
79,30.0,5.0,63.0,56.0,3.3,144.5,52,20.0,0,1,0,1,0,0,0,0,1
80,39.0,5.0,123.0,70.0,4.0,144.5,52,110.0,0,1,1,0,0,0,0,0,1
81,303.0,27.0,49.0,194.0,3.6,144.5,52,22.0,0,0,0,0,0,0,0,0,0
82,276.0,11.0,34.0,157.0,4.7,144.5,52,27.0,0,0,1,1,0,1,0,0,0
83,385.0,45.0,53.0,100.0,4.9,144.5,52,7.0,0,1,0,1,0,0,1,0,0
84,228.0,9.0,49.0,11.0,4.3,144.5,52,24.0,0,1,1,1,0,0,1,0,1
85,362.0,31.0,47.0,162.0,4.0,144.5,52,13.0,0,1,1,0,0,0,0,0,1
86,94.0,24.0,27.0,206.0,2.6,144.5,52,52.0,0,0,0,0,0,0,0,0,0
87,147.0,9.0,61.0,168.0,4.5,144.5,52,20.0,0,1,1,1,0,1,1,0,1
88,216.0,9.0,101.0,19.0,4.8,144.5,52,11.0,0,1,0,0,0,0,0,0,1
89,238.0,22.0,49.0,189.0,3.9,144.5,52,112.0,0,1,0,1,0,0,0,0,1
90,39.0,5.0,112.0,70.0,4.0,144.5,52,110.0,0,1,1,0,0,0,1,0,1
91,274.0,27.0,101.0,180.0,4.4,144.5,52,24.0,0,1,1,1,0,0,0,0,1
92,236.0,42.0,140.0,2.0,4.2,144.5,52,55.0,1,1,1,0,1,1,0,0,1
93,246.0,4.0,0.0,190.0,3.6,144.5,52,26.0,1,1,1,1,0,0,0,1,0
94,240.0,11.0,49.0,194.0,3.4,165.0,33,37.0,0,1,0,1,0,0,0,0,1
95,199.0,9.0,164.0,161.0,4.4,165.0,33,40.0,0,0,0,0,0,0,0,0,0
96,312.0,17.0,32.0,152.0,3.5,165.0,33,8.0,0,1,1,0,0,0,0,0,0
97,238.0,22.0,68.0,119.0,3.9,165.0,33,112.0,0,1,0,0,0,0,0,0,1
98,167.0,1.0,140.0,53.0,3.8,165.0,33,14.0,1,0,0,0,0,0,0,0,0
99,198.0,4.0,9.0,194.0,3.5,165.0,33,64.0,0,0,0,0,1,0,0,0,0
100,43.0,17.0,49.0,117.0,4.9,165.0,33,10.0,0,1,0,0,0,1,0,0,0
101,360.0,2.0,101.0,10.0,4.4,165.0,33,16.0,0,1,1,1,0,0,1,0,1
102,132.0,31.0,88.0,166.0,4.1,165.0,33,11.0,0,1,0,0,0,0,1,0,1
103,40.0,9.0,140.0,162.0,4.0,165.0,33,41.0,1,1,1,0,0,1,0,0,1
104,199.0,9.0,163.0,161.0,4.4,165.0,33,40.0,0,0,0,0,0,0,0,0,0
105,377.0,2.0,49.0,78.0,3.8,165.0,33,50.0,0,1,1,0,1,0,0,0,0
106,389.0,24.0,154.0,34.0,3.2,165.0,33,42.0,1,0,1,0,0,1,0,0,0
107,428.0,5.0,34.0,83.0,2.9,165.0,33,12.0,0,1,1,1,0,0,0,0,0
108,171.0,9.0,99.0,161.0,4.1,165.0,33,84.0,0,1,0,1,0,1,0,0,0
109,333.0,17.0,49.0,35.0,3.7,165.0,33,10.0,0,1,0,0,0,0,0,0,0
110,25.0,32.0,121.0,115.0,3.2,165.0,33,56.0,0,0,0,0,0,0,0,0,0
111,53.0,55.0,27.0,186.0,4.9,165.0,33,10.0,0,0,1,0,1,0,0,0,1
112,242.0,2.0,51.0,77.0,3.5,165.0,33,39.0,0,1,1,0,0,1,0,0,1
113,297.0,9.0,34.0,26.0,5.0,165.0,33,7.0,0,1,0,0,0,0,0,0,0
114,268.0,11.0,49.0,152.0,4.0,165.0,33,27.0,0,1,1,1,1,0,0,0,1
115,358.0,24.0,49.0,119.0,3.6,165.0,33,7.0,0,1,1,0,0,0,0,0,1
116,88.0,9.0,151.0,5.0,4.0,165.0,33,21.0,0,1,0,0,0,1,0,0,0
117,25.0,32.0,31.0,115.0,3.2,165.0,33,56.0,0,1,1,0,0,0,0,0,1
118,38.0,5.0,110.0,177.0,5.0,165.0,33,4.0,0,0,0,0,0,0,0,0,0
119,156.0,24.0,34.0,16.0,4.8,165.0,33,23.0,0,1,1,0,0,0,0,0,0
120,369.0,11.0,49.0,51.0,4.5,165.0,33,17.0,0,1,1,0,1,0,0,0,1
121,340.0,31.0,139.0,162.0,4.7,165.0,33,8.0,1,1,0,0,0,0,0,0,0
122,272.0,17.0,140.0,77.0,4.5,165.0,33,11.0,1,1,0,1,0,0,1,0,1
123,190.0,1.0,34.0,201.0,4.2,165.0,33,17.0,0,1,1,1,0,0,0,0,1
124,253.0,43.0,14.0,170.0,3.4,165.0,33,17.0,0,1,1,0,1,0,0,0,1
125,209.0,48.0,160.0,48.0,3.8,165.0,33,27.0,1,1,0,1,0,0,0,0,1
126,3.0,27.0,49.0,157.0,4.7,144.5,19,7.0,0,1,1,0,0,0,0,0,1
127,424.0,17.0,49.0,37.0,3.6,144.5,19,9.0,0,1,1,0,0,0,1,0,1
128,190.0,1.0,34.0,201.0,4.2,144.5,19,17.0,0,1,1,1,0,0,0,0,1
129,209.0,48.0,160.0,48.0,3.8,144.5,19,27.0,1,1,0,1,0,0,0,0,1
130,270.0,17.0,49.0,162.0,5.0,144.5,19,7.0,0,0,1,0,0,0,0,0,0
131,224.0,33.0,139.0,93.0,4.9,144.5,19,12.0,1,1,1,1,0,1,0,0,0
132,120.0,1.0,34.0,47.0,4.4,144.5,19,20.0,0,1,1,0,0,0,0,0,0
133,257.0,9.0,49.0,90.0,3.3,144.5,19,11.0,0,1,1,0,1,0,0,0,1
134,397.0,9.0,101.0,151.0,3.2,144.5,19,8.0,0,0,0,0,0,0,0,0,0
137,412.0,33.0,49.0,164.0,4.2,144.5,19,11.0,0,1,0,0,0,0,0,0,1
138,130.0,45.0,27.0,162.0,4.5,144.5,19,29.0,0,1,0,0,1,1,0,0,1
139,33.0,55.0,34.0,135.0,4.8,144.5,19,11.0,0,0,0,0,0,1,0,0,0
140,187.0,53.0,40.0,80.0,3.8,144.5,19,26.0,0,0,1,0,0,0,0,0,0
141,322.0,17.0,168.0,37.0,3.7,144.5,19,22.0,0,0,1,0,1,0,0,0,1
142,379.0,15.0,140.0,162.0,3.3,144.5,19,10.0,1,1,1,1,1,1,0,0,1
143,233.0,20.0,1.0,105.0,3.3,144.5,19,65.0,0,1,0,0,0,0,0,0,0
144,137.0,2.0,101.0,77.0,5.0,144.5,19,10.0,0,1,0,0,0,0,1,0,0
145,133.0,5.0,126.0,16.0,3.8,144.5,19,10.0,0,0,0,0,0,0,0,0,0
146,300.0,30.0,49.0,204.0,3.4,144.5,19,41.0,0,0,1,0,0,0,0,0,1
147,110.0,5.0,128.0,161.0,2.4,144.5,19,17.0,0,0,0,0,0,0,0,0,0
148,148.0,5.0,49.0,28.0,2.9,144.5,19,23.0,0,0,1,1,0,1,0,0,0
149,279.0,1.0,5.0,52.0,4.4,144.5,19,56.0,0,0,1,0,1,0,0,0,1
150,334.0,6.0,49.0,104.0,2.9,144.5,19,7.0,0,1,1,0,0,1,1,0,1
151,15.0,5.0,166.0,155.0,2.7,144.5,19,62.0,0,0,0,0,0,0,0,0,0
152,307.0,9.0,34.0,30.0,4.2,144.5,19,21.0,0,1,1,1,0,0,0,0,0
153,326.0,5.0,156.0,44.0,3.5,144.5,19,28.0,1,0,0,0,0,0,0,0,0
155,426.0,5.0,155.0,157.0,4.2,144.5,19,60.0,1,1,0,0,0,0,0,0,1
156,272.0,17.0,49.0,77.0,4.5,183.5,64,11.0,0,1,0,1,0,0,1,0,1
157,168.0,20.0,85.0,194.0,4.4,183.5,64,26.0,0,1,1,0,1,0,1,0,1
159,223.0,2.0,49.0,62.0,3.5,183.5,64,54.0,0,0,0,1,0,1,0,0,1
160,116.0,9.0,49.0,162.0,4.5,183.5,64,17.0,0,1,1,1,0,1,1,0,1
161,344.0,30.0,127.0,43.0,4.1,183.5,64,77.0,0,1,1,1,1,0,0,0,0
162,242.0,2.0,86.0,35.0,3.5,183.5,64,39.0,0,0,0,0,0,0,0,0,0
163,405.0,48.0,27.0,194.0,2.7,183.5,64,26.0,0,1,1,0,0,0,0,0,1
164,153.0,27.0,22.0,191.0,3.4,183.5,64,27.0,0,0,0,0,0,0,0,0,0
165,277.0,41.0,49.0,34.0,4.4,183.5,64,8.0,0,1,1,0,0,0,0,0,1
166,40.0,9.0,137.0,162.0,4.0,183.5,64,41.0,1,1,1,0,0,1,0,0,0
167,40.0,42.0,137.0,162.0,4.2,183.5,64,55.0,1,1,1,0,1,1,0,0,1
169,410.0,5.0,153.0,18.0,2.3,183.5,64,20.0,1,0,1,0,1,0,0,0,0
170,212.0,45.0,49.0,37.0,3.4,183.5,64,77.0,0,0,0,0,0,0,0,0,1
171,380.0,5.0,104.0,150.0,3.3,183.5,64,8.0,0,1,1,1,0,0,0,0,1
172,66.0,17.0,49.0,150.0,4.7,183.5,64,14.0,0,1,0,0,0,0,1,0,1
173,313.0,17.0,141.0,119.0,3.9,183.5,64,9.0,1,1,0,0,0,0,0,0,1
174,250.0,4.0,27.0,161.0,3.3,183.5,64,70.0,0,1,1,0,0,0,0,0,0
175,380.0,5.0,136.0,37.0,3.3,183.5,64,8.0,1,1,1,1,0,0,1,0,1
176,323.0,54.0,34.0,38.0,4.4,183.5,64,25.0,0,1,1,1,0,0,0,0,0
177,286.0,16.0,57.0,153.0,3.7,104.5,41,58.0,0,0,0,0,0,0,0,0,1
178,64.0,7.0,49.0,107.0,3.5,104.5,41,78.0,0,1,1,0,0,0,0,0,1
179,64.0,20.0,101.0,107.0,3.6,104.5,41,56.0,0,1,0,0,0,0,0,1,0
180,133.0,5.0,125.0,16.0,3.8,104.5,41,10.0,0,0,0,0,0,0,0,0,1
181,431.0,1.0,96.0,74.0,4.7,104.5,41,26.0,0,0,0,0,0,0,0,0,1
182,37.0,30.0,159.0,119.0,3.5,104.5,41,75.0,1,1,1,1,0,0,0,0,1
183,46.0,2.0,49.0,124.0,3.3,104.5,41,173.0,0,1,0,0,0,0,1,0,0
184,226.0,31.0,137.0,162.0,3.9,104.5,41,15.0,1,1,1,0,1,0,0,0,1
185,239.0,30.0,99.0,19.0,3.7,104.5,41,172.0,0,1,1,1,0,0,0,0,1
186,259.0,5.0,119.0,159.0,3.9,104.5,41,19.0,0,1,0,1,0,0,0,0,1
187,152.0,5.0,167.0,177.0,4.0,104.5,41,47.0,0,1,0,1,0,0,1,0,1
188,273.0,27.0,21.0,77.0,4.2,104.5,41,13.0,0,1,1,0,0,0,0,0,0
189,101.0,1.0,115.0,193.0,3.6,104.5,41,28.0,1,1,0,1,0,1,0,0,0
190,336.0,9.0,116.0,162.0,4.7,104.5,41,24.0,1,1,1,0,0,0,0,0,1
191,342.0,27.0,34.0,167.0,4.1,104.5,41,12.0,0,1,0,1,0,1,0,0,0
192,39.0,5.0,114.0,70.0,4.0,104.5,41,110.0,1,1,0,0,0,0,0,0,0
194,39.0,5.0,142.0,119.0,4.0,104.5,41,110.0,1,1,0,0,0,0,0,0,0
196,103.0,24.0,89.0,65.0,3.8,104.5,41,105.0,1,0,0,0,0,0,0,0,0
197,332.0,5.0,117.0,176.0,3.8,104.5,41,10.0,1,0,0,0,0,0,0,0,0
198,163.0,33.0,4.0,32.0,4.6,104.5,41,31.0,0,0,1,0,1,0,0,0,0
199,411.0,31.0,52.0,151.0,4.1,132.0,27,8.0,0,1,0,0,0,0,0,0,0
200,356.0,1.0,49.0,37.0,3.4,132.0,27,31.0,0,0,1,0,0,0,0,0,1
201,104.0,11.0,49.0,105.0,4.1,132.0,27,15.0,0,1,0,0,0,0,0,0,0
202,255.0,2.0,101.0,60.0,3.7,132.0,27,69.0,0,1,0,0,0,0,0,0,0
203,330.0,9.0,34.0,162.0,4.4,132.0,27,15.0,0,1,1,0,0,1,0,0,0
204,271.0,5.0,143.0,28.0,3.9,132.0,27,27.0,1,0,0,0,0,0,0,0,0
205,23.0,42.0,34.0,97.0,3.6,132.0,27,22.0,0,1,1,1,0,1,0,0,1
206,272.0,17.0,45.0,77.0,4.5,132.0,27,11.0,0,0,0,0,0,0,0,0,0
207,309.0,35.0,134.0,103.0,3.7,132.0,27,24.0,1,0,1,0,0,0,0,0,0
208,314.0,37.0,93.0,188.0,2.9,132.0,27,27.0,0,0,0,0,0,0,0,0,0
209,298.0,27.0,59.0,5.0,5.0,132.0,27,12.0,0,1,0,0,0,1,0,0,0
210,119.0,45.0,49.0,120.0,3.4,132.0,27,33.0,0,1,1,1,0,0,1,0,0
211,242.0,2.0,140.0,77.0,3.5,132.0,27,39.0,1,1,1,0,0,1,0,0,0
212,298.0,27.0,60.0,12.0,5.0,132.0,27,12.0,0,1,0,0,0,1,0,0,0
213,216.0,9.0,48.0,19.0,4.8,132.0,27,11.0,0,1,0,0,0,0,0,0,1
214,355.0,42.0,81.0,127.0,3.9,132.0,27,76.0,0,1,0,0,0,0,0,0,0
215,39.0,5.0,2.0,70.0,4.0,132.0,27,110.0,0,1,1,1,0,0,0,0,0
216,381.0,27.0,95.0,60.0,4.3,132.0,27,13.0,1,1,0,0,0,0,0,0,0
217,81.0,24.0,6.0,171.0,3.5,132.0,27,27.0,0,0,1,0,1,0,0,0,0
218,239.0,30.0,42.0,19.0,3.7,132.0,27,172.0,0,0,1,0,0,1,0,0,0
219,380.0,5.0,145.0,150.0,3.3,132.0,27,8.0,1,1,1,1,0,0,0,0,1
220,341.0,33.0,124.0,179.0,3.1,132.0,27,68.0,0,0,1,0,0,0,0,0,0
221,311.0,31.0,72.0,119.0,4.3,132.5,52,12.0,0,1,0,0,0,1,0,0,1
222,220.0,32.0,56.0,131.0,4.2,132.5,52,27.0,0,1,0,1,1,1,0,0,1
223,323.0,54.0,34.0,38.0,4.4,132.5,52,25.0,0,1,1,1,0,0,0,0,0
224,280.0,41.0,165.0,162.0,3.6,132.5,52,9.0,0,1,1,1,0,0,0,0,1
225,159.0,27.0,49.0,75.0,4.5,132.5,52,15.0,0,1,1,0,0,0,0,0,0
226,299.0,27.0,49.0,37.0,3.0,132.5,52,24.0,0,1,1,0,0,1,0,0,1
227,317.0,50.0,49.0,189.0,5.0,132.5,52,5.0,0,1,0,0,0,1,0,0,0
228,327.0,20.0,101.0,13.0,3.6,132.5,52,56.0,0,1,0,0,0,0,0,1,0
229,367.0,32.0,84.0,12.0,3.6,132.5,52,86.0,0,1,0,0,1,0,0,0,1
230,127.0,27.0,49.0,121.0,3.0,132.5,52,39.0,0,0,0,1,0,1,0,0,0
231,133.0,5.0,125.0,16.0,3.8,132.5,52,10.0,0,0,0,0,0,0,0,0,1
232,46.0,2.0,49.0,124.0,3.3,132.5,52,173.0,0,1,0,0,0,0,1,0,0
233,62.0,30.0,111.0,36.0,3.8,132.5,52,6.0,0,0,0,0,0,0,0,0,0
234,37.0,30.0,159.0,119.0,3.5,132.5,52,75.0,1,1,1,1,0,0,0,0,1
235,184.0,47.0,49.0,33.0,3.3,132.5,52,52.0,0,0,1,0,0,0,0,0,1
236,364.0,9.0,49.0,162.0,4.6,132.5,52,39.0,0,1,1,0,1,0,0,0,0
237,292.0,31.0,49.0,183.0,3.8,132.5,52,25.0,0,1,0,0,0,1,0,0,0
238,226.0,31.0,137.0,162.0,3.9,132.5,52,15.0,1,1,1,0,1,0,0,0,1
239,306.0,11.0,49.0,142.0,3.9,132.5,52,39.0,0,1,0,0,0,0,0,0,0
240,284.0,9.0,49.0,9.0,4.7,152.0,34,20.0,0,1,1,0,0,0,1,0,0
241,12.0,30.0,147.0,173.0,4.8,152.0,34,98.0,1,0,0,0,0,0,0,0,1
242,1.0,9.0,149.0,119.0,3.1,152.0,34,23.0,0,1,1,1,0,0,0,0,0
243,157.0,17.0,49.0,135.0,3.6,152.0,34,17.0,0,0,0,0,0,1,0,0,0
244,154.0,5.0,122.0,79.0,5.0,152.0,34,14.0,0,1,1,0,0,0,0,0,1
245,339.0,5.0,49.0,28.0,3.7,152.0,34,50.0,0,1,1,0,1,1,1,0,1
246,423.0,51.0,49.0,92.0,3.7,152.0,34,12.0,0,1,1,0,0,1,1,0,0
247,392.0,30.0,49.0,125.0,3.9,152.0,34,23.0,0,1,1,0,0,0,1,0,1
249,325.0,2.0,24.0,106.0,4.2,152.0,34,40.0,0,1,0,0,0,0,0,0,0
250,239.0,30.0,99.0,19.0,3.7,152.0,34,172.0,0,1,1,1,0,0,0,0,1
252,291.0,28.0,49.0,39.0,3.3,152.0,34,106.0,0,1,1,0,0,0,0,0,1
253,150.0,11.0,49.0,119.0,4.1,152.0,34,88.0,0,1,0,0,0,0,0,0,1
254,194.0,36.0,49.0,119.0,3.3,152.0,34,16.0,0,1,0,0,0,0,0,0,1
255,321.0,27.0,49.0,162.0,3.9,152.0,34,14.0,0,1,1,1,0,0,1,0,1
256,47.0,42.0,83.0,123.0,3.1,152.0,34,94.0,0,0,1,0,0,0,0,0,1
257,273.0,27.0,21.0,77.0,4.2,152.0,34,13.0,0,1,1,0,0,0,0,0,0
259,18.0,1.0,162.0,163.0,2.9,152.0,34,25.0,0,1,1,0,1,1,0,0,1
260,336.0,9.0,116.0,162.0,4.7,152.0,34,24.0,1,1,1,0,0,0,0,0,1
261,101.0,1.0,115.0,193.0,3.6,152.0,34,28.0,1,1,0,1,0,1,0,0,0
262,232.0,2.0,70.0,95.0,3.8,166.0,59,72.0,0,1,1,0,0,1,0,0,1
263,310.0,53.0,10.0,20.0,3.3,166.0,59,24.0,0,0,1,0,0,0,0,0,0
264,288.0,16.0,58.0,153.0,3.7,166.0,59,58.0,0,0,0,0,0,0,0,0,1
265,31.0,11.0,77.0,19.0,3.8,166.0,59,42.0,1,1,1,1,0,0,0,1,1
266,404.0,5.0,49.0,155.0,3.2,166.0,59,203.0,0,1,1,0,1,0,0,0,0
267,201.0,27.0,49.0,140.0,4.6,166.0,59,13.0,0,1,0,0,0,1,0,0,0
268,427.0,31.0,49.0,163.0,3.5,166.0,59,28.0,0,1,1,0,1,1,0,0,1
269,290.0,17.0,38.0,119.0,5.0,166.0,59,5.0,0,1,1,1,0,0,0,0,0
270,342.0,27.0,34.0,167.0,4.1,166.0,59,12.0,0,1,0,1,0,1,0,0,0
271,8.0,5.0,106.0,50.0,4.1,166.0,59,42.0,0,1,1,0,1,0,0,0,1
273,248.0,27.0,49.0,192.0,3.2,166.0,59,12.0,0,1,1,0,0,1,1,0,0
275,222.0,20.0,49.0,98.0,4.7,166.0,59,71.0,0,1,0,0,0,1,0,0,0
276,139.0,4.0,78.0,141.0,3.8,166.0,59,91.0,0,0,0,1,1,0,0,0,1
277,204.0,3.0,49.0,77.0,3.6,166.0,59,76.0,0,1,1,1,1,0,1,0,1
278,216.0,9.0,49.0,19.0,4.8,166.0,59,11.0,0,0,0,0,0,0,0,0,1
279,408.0,11.0,49.0,122.0,3.3,166.0,59,129.0,0,0,0,0,0,0,0,0,1
280,27.0,41.0,49.0,85.0,3.7,166.0,59,18.0,0,1,1,1,1,0,0,0,0
281,206.0,45.0,49.0,85.0,5.0,166.0,59,5.0,0,1,1,0,1,0,0,0,1
283,125.0,31.0,133.0,169.0,3.4,253.5,84,57.0,1,1,1,1,1,0,0,0,1
284,89.0,27.0,49.0,19.0,5.0,253.5,84,4.0,0,1,1,0,0,0,0,0,0
286,39.0,5.0,142.0,119.0,4.0,253.5,84,110.0,1,1,0,0,0,0,0,0,0
287,282.0,50.0,49.0,132.0,4.2,253.5,84,106.0,0,1,1,0,0,1,0,0,0
289,234.0,3.0,49.0,108.0,3.4,253.5,84,63.0,0,1,1,0,0,0,0,0,1
291,414.0,45.0,49.0,49.0,4.4,253.5,84,17.0,0,1,0,0,0,0,0,0,1
292,223.0,2.0,64.0,7.0,3.5,253.5,84,54.0,0,1,0,1,0,0,1,0,1
293,374.0,55.0,49.0,162.0,3.7,253.5,84,30.0,0,1,1,1,1,0,1,0,1
294,90.0,23.0,49.0,111.0,3.7,253.5,84,39.0,0,1,1,0,0,0,0,0,1
295,73.0,24.0,49.0,156.0,4.1,253.5,84,39.0,0,1,1,0,0,0,0,0,0
296,348.0,38.0,49.0,119.0,3.4,253.5,84,6.0,0,1,1,0,0,0,1,0,0
297,346.0,27.0,27.0,152.0,4.5,253.5,84,6.0,0,0,1,0,1,0,0,0,0
298,121.0,26.0,49.0,119.0,3.5,253.5,84,33.0,0,1,1,0,0,0,0,0,0
299,371.0,15.0,49.0,73.0,3.6,253.5,84,16.0,0,0,0,0,0,0,0,0,0
300,359.0,46.0,49.0,154.0,3.2,253.5,84,235.0,0,1,1,0,0,1,0,0,0
301,368.0,9.0,49.0,119.0,3.7,253.5,84,23.0,0,1,1,1,0,1,1,0,0
302,237.0,38.0,49.0,112.0,4.0,253.5,84,31.0,0,1,0,0,0,0,0,0,1
303,397.0,9.0,49.0,37.0,3.2,257.5,80,8.0,0,0,0,0,0,0,0,0,0
304,215.0,20.0,49.0,105.0,4.5,257.5,80,18.0,0,1,1,0,1,0,0,0,1
305,399.0,17.0,18.0,151.0,3.4,257.5,80,10.0,0,1,0,0,0,0,0,0,0
306,9.0,27.0,49.0,205.0,3.9,257.5,80,19.0,0,1,1,0,1,0,0,0,0
307,219.0,27.0,49.0,189.0,3.2,257.5,80,39.0,0,1,0,0,0,0,0,0,1
309,10.0,2.0,49.0,152.0,3.4,257.5,80,20.0,0,0,0,0,0,0,0,0,0
310,16.0,27.0,49.0,119.0,4.4,257.5,80,8.0,0,1,1,0,0,1,1,0,1
311,103.0,24.0,89.0,65.0,3.8,257.5,80,105.0,1,0,0,0,0,0,0,0,0
312,332.0,5.0,117.0,176.0,3.8,257.5,80,10.0,1,0,0,0,0,0,0,0,0
313,71.0,21.0,49.0,9.0,3.5,257.5,80,31.0,0,1,0,0,1,0,0,0,1
314,247.0,30.0,140.0,162.0,3.8,257.5,80,12.0,1,1,1,1,0,0,0,0,1
315,107.0,31.0,49.0,4.0,3.9,257.5,80,18.0,0,1,0,0,0,1,0,0,1
317,128.0,45.0,49.0,119.0,3.8,257.5,80,23.0,0,1,0,0,1,0,0,0,1
318,163.0,33.0,4.0,32.0,4.6,257.5,80,31.0,0,0,1,0,1,0,0,0,0
319,249.0,11.0,49.0,119.0,3.0,257.5,80,39.0,0,0,1,0,0,0,0,0,1
320,99.0,11.0,49.0,45.0,4.6,257.5,80,39.0,0,0,0,0,0,0,0,0,0
321,149.0,5.0,76.0,154.0,3.9,257.5,80,193.0,0,0,0,1,0,0,0,0,1
323,160.0,20.0,49.0,162.0,3.7,152.5,68,7.0,0,1,0,0,1,0,0,0,1
324,196.0,32.0,49.0,15.0,3.3,152.5,68,23.0,0,1,0,0,0,0,0,0,0
325,330.0,9.0,34.0,162.0,4.4,152.5,68,15.0,0,1,1,0,0,1,0,0,0
326,4.0,27.0,49.0,125.0,3.7,152.5,68,26.0,0,0,1,0,0,1,0,0,1
327,180.0,45.0,49.0,162.0,3.3,152.5,68,28.0,0,1,0,0,0,0,0,0,1
328,140.0,9.0,49.0,19.0,3.4,152.5,68,39.0,0,1,1,1,0,1,0,0,1
329,45.0,27.0,49.0,152.0,3.0,152.5,68,39.0,0,1,1,0,0,0,0,0,1
330,255.0,2.0,101.0,60.0,3.7,152.5,68,69.0,0,1,0,0,0,0,0,0,0
331,58.0,30.0,113.0,54.0,3.7,152.5,68,90.0,1,1,1,1,0,1,0,0,0
332,205.0,32.0,103.0,119.0,4.8,152.5,68,23.0,0,0,0,0,0,0,0,0,0
333,335.0,9.0,49.0,105.0,5.0,152.5,68,20.0,0,1,1,0,0,0,0,0,1
334,271.0,5.0,143.0,28.0,3.9,152.5,68,27.0,1,0,0,0,0,0,0,0,0
336,382.0,49.0,49.0,89.0,3.3,152.5,68,143.0,0,1,1,0,0,0,1,0,1
337,79.0,2.0,49.0,152.0,4.6,152.5,68,24.0,0,0,1,0,0,0,0,0,0
339,350.0,8.0,101.0,141.0,2.6,152.5,68,39.0,0,1,0,0,0,0,0,0,0
340,117.0,13.0,28.0,31.0,3.8,152.5,68,37.0,0,1,1,0,1,0,0,0,0
341,376.0,27.0,49.0,119.0,4.8,152.5,68,12.0,0,1,1,0,1,0,0,0,0
342,5.0,42.0,169.0,119.0,3.9,152.5,68,11.0,1,1,0,0,0,0,1,0,1
343,263.0,17.0,49.0,167.0,4.0,195.0,24,11.0,0,1,0,0,0,1,0,1,1
344,131.0,17.0,49.0,135.0,4.2,195.0,24,10.0,0,1,0,0,0,0,1,0,1
345,309.0,35.0,134.0,103.0,3.7,195.0,24,24.0,1,0,1,0,0,0,0,0,0
346,29.0,29.0,49.0,38.0,3.0,195.0,24,136.0,0,0,0,0,0,0,0,0,0
347,422.0,9.0,37.0,163.0,3.5,195.0,24,53.0,0,1,0,1,0,0,1,0,0
349,41.0,45.0,49.0,119.0,5.0,195.0,24,9.0,0,0,0,0,0,0,0,0,0
350,305.0,9.0,49.0,35.0,4.7,195.0,24,21.0,0,0,1,1,0,1,0,0,0
352,208.0,2.0,74.0,91.0,4.5,195.0,24,81.0,0,0,0,0,0,0,0,0,1
353,72.0,17.0,49.0,28.0,4.9,195.0,24,13.0,0,1,0,1,0,0,0,0,1
354,56.0,11.0,43.0,42.0,4.6,195.0,24,21.0,0,1,1,1,0,0,0,0,1
355,298.0,27.0,59.0,5.0,5.0,195.0,24,12.0,0,1,0,0,0,1,0,0,0
356,269.0,11.0,27.0,59.0,3.9,195.0,24,11.0,0,1,1,0,1,0,0,0,0
363,242.0,2.0,140.0,77.0,3.5,195.0,24,39.0,1,1,1,0,0,1,0,0,0
364,315.0,17.0,49.0,28.0,4.3,170.0,4,24.0,0,1,1,0,1,0,0,0,1
365,375.0,5.0,49.0,28.0,3.7,170.0,4,242.0,0,1,1,0,0,0,1,0,0
366,242.0,2.0,49.0,77.0,3.5,170.0,4,39.0,0,1,1,0,1,0,1,0,1
367,355.0,42.0,81.0,127.0,3.9,170.0,4,76.0,0,1,0,0,0,0,0,0,0
368,93.0,11.0,49.0,185.0,4.7,170.0,4,15.0,0,1,1,0,0,0,1,0,0
369,216.0,9.0,48.0,19.0,4.8,170.0,4,11.0,0,1,0,0,0,0,0,0,1
370,39.0,5.0,2.0,70.0,4.0,170.0,4,110.0,0,1,1,1,0,0,0,0,0
372,295.0,2.0,49.0,0.0,3.2,170.0,4,5.0,0,1,0,0,0,1,0,0,0
373,349.0,45.0,49.0,194.0,4.5,170.0,4,43.0,0,1,1,0,0,0,0,0,1
374,24.0,42.0,129.0,172.0,3.5,170.0,4,20.0,0,0,0,0,0,0,0,0,0
375,126.0,45.0,49.0,142.0,4.4,170.0,4,34.0,0,1,0,0,0,0,0,0,1
376,48.0,45.0,49.0,182.0,3.1,170.0,4,22.0,0,1,1,0,1,0,0,0,0
377,134.0,52.0,158.0,53.0,3.5,170.0,4,12.0,1,1,1,0,0,0,0,0,1
378,19.0,27.0,49.0,185.0,3.8,170.0,4,24.0,0,1,1,0,0,0,0,0,0
379,76.0,16.0,49.0,105.0,3.7,170.0,4,115.0,0,1,1,0,0,1,0,0,0
380,81.0,24.0,6.0,171.0,3.5,170.0,4,27.0,0,0,1,0,1,0,0,0,0
381,239.0,30.0,42.0,19.0,3.7,170.0,4,172.0,0,0,1,0,0,1,0,0,0
382,265.0,9.0,7.0,19.0,5.0,170.0,4,20.0,0,1,1,0,0,0,1,0,1
383,394.0,30.0,35.0,75.0,4.0,170.0,4,170.0,0,1,1,1,0,1,0,0,0
384,400.0,31.0,138.0,162.0,3.6,170.0,4,12.0,1,1,1,0,1,0,0,0,1
385,216.0,9.0,140.0,19.0,4.8,191.5,53,11.0,1,0,0,0,0,0,0,0,1
386,167.0,1.0,108.0,53.0,3.8,191.5,53,14.0,0,0,0,0,0,0,0,0,1
387,54.0,5.0,92.0,28.0,3.6,191.5,53,45.0,0,0,0,0,0,0,0,0,0
390,380.0,5.0,145.0,150.0,3.3,191.5,53,8.0,1,1,1,1,0,0,0,0,1
391,244.0,9.0,150.0,68.0,4.1,191.5,53,42.0,0,1,0,0,0,0,0,0,0
392,419.0,5.0,135.0,72.0,3.6,191.5,53,39.0,1,0,0,0,0,0,0,0,0
393,215.0,20.0,34.0,59.0,4.5,191.5,53,18.0,0,1,1,0,0,0,0,0,0
394,380.0,5.0,25.0,37.0,3.3,191.5,53,8.0,0,0,0,1,0,0,1,1,1
395,225.0,30.0,73.0,83.0,3.4,191.5,53,111.0,0,1,1,0,0,0,0,0,0
396,416.0,27.0,49.0,194.0,4.3,191.5,53,27.0,0,0,0,0,0,0,0,0,0
397,242.0,2.0,50.0,77.0,3.5,191.5,53,39.0,0,1,0,0,0,0,0,0,0
398,122.0,2.0,171.0,82.0,4.0,191.5,53,49.0,0,1,0,0,0,0,0,0,0
399,366.0,2.0,8.0,203.0,4.5,191.5,53,13.0,0,0,0,0,0,0,0,0,0
400,272.0,17.0,137.0,77.0,4.5,191.5,53,11.0,1,1,1,0,0,0,0,0,0
401,261.0,4.0,20.0,109.0,3.9,191.5,53,90.0,0,0,1,0,1,0,0,0,0
402,136.0,24.0,98.0,101.0,4.0,191.5,53,28.0,0,0,0,0,0,0,0,0,1
403,92.0,24.0,157.0,138.0,3.6,191.5,53,29.0,1,0,1,0,1,0,0,0,1
404,324.0,13.0,148.0,200.0,3.3,191.5,53,148.0,1,0,0,0,0,0,0,0,0
405,227.0,17.0,144.0,147.0,5.0,191.5,53,7.0,1,0,0,1,0,0,0,0,0
406,401.0,31.0,118.0,162.0,4.1,223.0,74,17.0,0,1,0,0,0,0,0,0,1
407,302.0,18.0,49.0,162.0,3.2,223.0,74,12.0,0,1,1,0,0,0,0,0,1
408,417.0,17.0,49.0,42.0,4.9,223.0,74,13.0,0,1,0,0,1,0,1,0,0
410,98.0,5.0,49.0,19.0,3.3,223.0,74,5.0,0,1,0,0,0,0,0,0,0
411,135.0,27.0,49.0,25.0,3.0,223.0,74,18.0,0,1,1,1,0,1,0,0,1
412,287.0,17.0,49.0,182.0,5.0,223.0,74,39.0,0,1,0,0,1,1,0,0,1
413,372.0,1.0,49.0,165.0,3.4,223.0,74,39.0,0,1,1,0,0,1,0,0,1
414,221.0,11.0,49.0,194.0,4.1,223.0,74,39.0,0,1,1,0,1,0,0,0,1
415,331.0,2.0,49.0,180.0,5.0,223.0,74,9.0,0,1,1,0,0,1,0,0,0
416,112.0,45.0,49.0,139.0,4.2,223.0,74,24.0,0,1,1,0,0,0,0,0,0
417,61.0,11.0,49.0,134.0,3.7,223.0,74,109.0,0,1,0,0,1,1,1,0,0
418,65.0,3.0,49.0,88.0,3.8,223.0,74,125.0,0,1,1,0,0,0,0,0,1
419,200.0,27.0,49.0,87.0,4.8,223.0,74,13.0,0,1,1,0,0,0,0,0,0
420,328.0,45.0,49.0,102.0,3.5,223.0,74,75.0,0,1,1,0,0,0,0,0,1
421,163.0,33.0,4.0,32.0,4.6,223.0,74,31.0,0,0,1,0,1,0,0,0,0
422,100.0,0.0,49.0,202.0,4.5,223.0,74,39.0,0,1,1,1,0,0,1,0,1
423,107.0,31.0,49.0,4.0,3.9,223.0,74,18.0,0,1,0,0,0,1,0,0,1
425,249.0,11.0,49.0,119.0,3.0,223.0,74,39.0,0,0,1,0,0,0,0,0,1
426,104.0,11.0,49.0,105.0,4.1,223.0,74,15.0,0,1,0,0,0,0,0,0,0
427,415.0,31.0,49.0,119.0,3.7,145.5,54,11.0,0,1,1,0,1,0,0,0,1
428,50.0,5.0,140.0,157.0,3.5,145.5,54,11.0,1,1,0,0,0,1,0,0,1
429,99.0,11.0,49.0,45.0,4.6,145.5,54,39.0,0,0,0,0,0,0,0,0,0
432,330.0,9.0,34.0,162.0,4.4,145.5,54,15.0,0,1,1,0,0,1,0,0,0
433,115.0,27.0,49.0,71.0,3.6,145.5,54,39.0,0,1,1,0,1,0,0,0,0
434,421.0,34.0,49.0,128.0,3.1,145.5,54,67.0,0,0,0,0,0,0,0,0,1
436,413.0,45.0,55.0,129.0,5.0,145.5,54,5.0,0,1,0,0,0,0,0,0,0
437,45.0,27.0,49.0,152.0,3.0,145.5,54,39.0,0,1,1,0,0,0,0,0,1
439,142.0,19.0,49.0,159.0,3.5,145.5,54,9.0,0,1,0,0,0,1,0,0,1
440,353.0,24.0,49.0,19.0,3.0,145.5,54,39.0,0,1,0,1,0,0,1,0,1
442,84.0,27.0,49.0,99.0,2.7,145.5,54,16.0,0,0,1,1,0,0,0,0,1
443,113.0,42.0,49.0,73.0,4.1,145.5,54,46.0,0,1,0,0,0,1,0,0,1
444,178.0,48.0,49.0,162.0,2.1,145.5,54,4.0,0,1,1,0,0,0,1,0,1
445,205.0,32.0,103.0,119.0,4.8,145.5,54,23.0,0,0,0,0,0,0,0,0,0
446,130.0,45.0,54.0,157.0,4.5,127.0,47,29.0,0,1,0,0,0,0,0,0,1
447,40.0,9.0,114.0,162.0,4.0,127.0,47,41.0,1,1,0,1,0,1,0,0,0
448,173.0,24.0,49.0,55.0,3.3,127.0,47,39.0,0,1,0,0,1,0,0,0,1
449,271.0,5.0,143.0,28.0,3.9,127.0,47,27.0,1,0,0,0,0,0,0,0,0
450,262.0,45.0,49.0,3.0,3.2,127.0,47,16.0,0,1,1,0,0,0,1,0,1
451,386.0,31.0,49.0,21.0,3.2,127.0,47,14.0,0,1,1,1,0,1,0,0,0
452,181.0,27.0,69.0,9.0,3.7,127.0,47,112.0,0,1,0,1,0,0,0,0,1
453,217.0,11.0,49.0,59.0,4.4,127.0,47,16.0,0,1,1,1,1,0,0,0,1
454,251.0,27.0,49.0,113.0,3.1,127.0,47,14.0,0,1,1,0,0,0,0,0,0
455,382.0,49.0,49.0,89.0,3.3,127.0,47,143.0,0,1,1,0,0,0,1,0,1
456,172.0,30.0,49.0,187.0,3.5,127.0,47,17.0,0,1,0,0,1,0,0,0,1
458,350.0,8.0,101.0,141.0,2.6,127.0,47,39.0,0,1,0,0,0,0,0,0,0
460,370.0,1.0,49.0,119.0,2.7,127.0,47,55.0,0,1,1,0,1,0,0,0,0
461,387.0,11.0,49.0,3.0,3.5,127.0,47,14.0,0,1,1,0,0,0,1,0,0
462,275.0,45.0,49.0,138.0,3.2,127.0,47,39.0,0,1,1,1,0,1,0,0,0
463,117.0,13.0,28.0,31.0,3.8,127.0,47,37.0,0,1,1,0,1,0,0,0,0
464,82.0,27.0,49.0,66.0,4.2,127.0,47,39.0,0,1,1,0,0,0,0,0,1
465,376.0,27.0,49.0,119.0,4.8,127.0,47,12.0,0,1,1,0,1,0,0,0,0
466,114.0,45.0,49.0,67.0,4.2,127.0,47,34.0,0,1,1,0,1,0,0,0,0
467,380.0,5.0,26.0,37.0,3.3,59.0,25,8.0,0,1,1,1,0,0,1,0,1
468,164.0,17.0,49.0,167.0,4.0,59.0,25,17.0,0,1,1,0,1,1,0,0,0
469,5.0,42.0,169.0,119.0,3.9,59.0,25,11.0,1,1,0,0,0,0,1,0,1
470,309.0,35.0,134.0,103.0,3.7,59.0,25,24.0,1,0,1,0,0,0,0,0,0
471,229.0,2.0,49.0,41.0,3.9,59.0,25,19.0,0,1,1,0,1,0,0,0,1
472,422.0,9.0,37.0,163.0,3.5,59.0,25,53.0,0,1,0,1,0,0,1,0,0
473,395.0,32.0,49.0,189.0,4.0,59.0,25,11.0,0,1,1,0,0,0,0,0,1
474,29.0,29.0,49.0,38.0,3.0,59.0,25,136.0,0,0,0,0,0,0,0,0,0
475,144.0,21.0,49.0,9.0,3.7,59.0,25,23.0,0,1,0,0,1,0,0,0,1
477,86.0,44.0,49.0,7.0,2.8,59.0,25,36.0,0,1,1,1,0,0,1,0,1
479,314.0,37.0,93.0,188.0,2.9,59.0,25,27.0,0,0,0,0,0,0,0,0,0
480,305.0,9.0,49.0,35.0,4.7,59.0,25,21.0,0,0,1,1,0,1,0,0,0
481,406.0,10.0,49.0,178.0,3.4,59.0,25,25.0,0,1,1,0,0,0,0,0,1
482,32.0,45.0,49.0,162.0,3.9,59.0,25,28.0,0,0,1,0,0,0,0,0,1
483,304.0,27.0,49.0,189.0,2.9,59.0,25,38.0,0,1,0,1,0,0,0,0,1
484,208.0,2.0,74.0,91.0,4.5,59.0,25,81.0,0,0,0,0,0,0,0,0,1
485,72.0,17.0,49.0,28.0,4.9,59.0,25,13.0,0,1,0,1,0,0,0,0,1
486,298.0,27.0,59.0,5.0,5.0,59.0,25,12.0,0,1,0,0,0,1,0,0,0
487,380.0,5.0,67.0,150.0,3.3,154.5,24,8.0,0,1,1,1,0,0,0,0,1
488,384.0,31.0,49.0,194.0,3.5,154.5,24,4.0,0,1,0,1,0,0,0,0,0
489,109.0,24.0,49.0,160.0,3.5,154.5,24,13.0,0,1,0,0,1,1,0,0,0
490,230.0,0.0,49.0,119.0,4.0,154.5,24,39.0,0,1,1,0,0,0,0,0,0
491,269.0,11.0,27.0,59.0,3.9,154.5,24,11.0,0,1,1,0,1,0,0,0,0
492,119.0,45.0,49.0,120.0,3.4,154.5,24,33.0,0,1,1,1,0,0,1,0,0
493,151.0,14.0,49.0,162.0,3.5,154.5,24,54.0,0,1,1,0,0,1,1,0,1
501,256.0,45.0,49.0,184.0,4.6,154.5,24,35.0,0,1,1,0,1,0,0,0,1
502,267.0,9.0,49.0,172.0,4.0,154.5,24,24.0,0,1,1,1,0,0,1,0,1
503,402.0,45.0,49.0,37.0,4.0,154.5,24,39.0,0,1,1,0,0,0,0,0,0
505,69.0,45.0,49.0,37.0,4.7,154.5,24,29.0,0,0,0,0,0,0,0,0,0
506,55.0,11.0,49.0,162.0,3.5,154.5,24,25.0,0,1,0,1,0,0,1,0,1
507,298.0,27.0,60.0,12.0,5.0,154.5,24,12.0,0,1,0,0,0,1,0,0,0
508,329.0,5.0,146.0,143.0,4.1,377.5,119,127.0,1,1,1,0,0,1,0,0,1
509,39.0,5.0,123.0,199.0,4.0,377.5,119,110.0,0,1,1,0,0,0,0,0,1
510,106.0,45.0,49.0,189.0,3.6,377.5,119,21.0,0,1,1,0,0,0,0,0,1
511,59.0,45.0,66.0,119.0,5.0,377.5,119,36.0,0,1,0,0,0,0,0,0,1
512,242.0,2.0,140.0,77.0,3.5,377.5,119,39.0,1,1,1,0,0,1,0,0,0
513,343.0,39.0,49.0,172.0,4.7,377.5,119,39.0,0,1,1,1,0,0,1,0,1
514,242.0,2.0,49.0,77.0,3.5,377.5,119,39.0,0,1,1,0,1,0,1,0,1
516,355.0,42.0,81.0,127.0,3.9,377.5,119,76.0,0,1,0,0,0,0,0,0,0
517,176.0,2.0,49.0,94.0,2.7,377.5,119,13.0,0,0,0,1,0,0,0,0,0
518,216.0,9.0,48.0,19.0,4.8,377.5,119,11.0,0,1,0,0,0,0,0,0,1
520,96.0,25.0,49.0,194.0,4.0,377.5,119,39.0,0,1,1,1,1,0,0,0,0
521,42.0,27.0,49.0,194.0,3.8,377.5,119,13.0,0,1,1,0,0,1,0,0,1
522,2.0,5.0,107.0,147.0,4.2,377.5,119,11.0,0,0,0,0,0,0,0,0,0
523,355.0,42.0,16.0,51.0,3.9,377.5,119,76.0,0,1,0,0,0,0,0,0,0
525,349.0,45.0,49.0,194.0,4.5,377.5,119,43.0,0,1,1,0,0,0,0,0,1
526,24.0,42.0,129.0,172.0,3.5,377.5,119,20.0,0,0,0,0,0,0,0,0,0
527,0.0,56.0,49.0,119.0,2.7,377.5,119,47.0,0,1,1,0,1,0,0,0,1
528,36.0,11.0,49.0,194.0,3.5,377.5,119,11.0,0,1,1,0,1,0,0,0,1
529,385.0,45.0,53.0,100.0,4.9,122.0,46,7.0,0,1,0,1,0,0,1,0,0
530,303.0,27.0,49.0,194.0,3.6,122.0,46,22.0,0,0,0,0,0,0,0,0,0
532,48.0,45.0,49.0,182.0,3.1,122.0,46,22.0,0,1,1,0,1,0,0,0,0
533,388.0,31.0,139.0,162.0,3.9,122.0,46,14.0,1,1,0,1,0,0,0,0,0
534,231.0,27.0,49.0,136.0,3.4,122.0,46,37.0,0,0,0,0,0,0,0,0,0
535,34.0,9.0,105.0,167.0,4.1,122.0,46,47.0,0,0,0,0,0,0,1,0,0
536,213.0,45.0,49.0,58.0,4.1,122.0,46,57.0,0,0,0,0,0,0,0,0,1
537,134.0,52.0,158.0,53.0,3.5,122.0,46,12.0,1,1,1,0,0,0,0,0,1
538,381.0,27.0,95.0,60.0,4.3,122.0,46,13.0,1,1,0,0,0,0,0,0,0
539,281.0,33.0,44.0,37.0,4.4,122.0,46,11.0,0,1,1,0,0,0,0,0,1
540,19.0,27.0,49.0,185.0,3.8,122.0,46,24.0,0,1,1,0,0,0,0,0,0
541,76.0,16.0,49.0,105.0,3.7,122.0,46,115.0,0,1,1,0,0,1,0,0,0
542,355.0,42.0,17.0,158.0,3.9,122.0,46,76.0,0,1,1,0,0,0,0,0,0
543,63.0,27.0,49.0,174.0,3.9,122.0,46,17.0,0,1,0,0,0,1,0,0,1
544,239.0,30.0,42.0,19.0,3.7,122.0,46,172.0,0,0,1,0,0,1,0,0,0
545,425.0,27.0,49.0,194.0,2.9,122.0,46,39.0,0,0,0,0,0,0,0,0,0
546,169.0,27.0,49.0,119.0,4.6,122.0,46,11.0,0,1,1,0,0,1,0,0,1
547,192.0,17.0,49.0,105.0,3.4,122.0,46,26.0,0,1,1,1,0,1,0,0,0
548,394.0,30.0,35.0,75.0,4.0,122.0,46,170.0,0,1,1,1,0,1,0,0,0
549,30.0,5.0,63.0,56.0,3.3,228.5,73,20.0,0,1,0,1,0,0,0,0,1
550,228.0,9.0,49.0,11.0,4.3,228.5,73,24.0,0,1,1,1,0,0,1,0,1
551,388.0,31.0,140.0,162.0,3.9,228.5,73,14.0,1,1,0,0,0,0,0,0,1
552,400.0,31.0,138.0,162.0,3.6,228.5,73,12.0,1,1,1,0,1,0,0,0,1
553,266.0,9.0,152.0,144.0,4.7,228.5,73,15.0,0,1,0,0,0,0,0,0,1
554,54.0,5.0,92.0,28.0,3.6,228.5,73,45.0,0,0,0,0,0,0,0,0,0
556,380.0,5.0,145.0,150.0,3.3,228.5,73,8.0,1,1,1,1,0,0,0,0,1
557,182.0,30.0,49.0,161.0,3.3,228.5,73,51.0,0,1,1,0,0,0,0,0,0
558,258.0,11.0,19.0,119.0,3.8,228.5,73,27.0,0,1,1,0,0,0,0,0,1
559,123.0,11.0,49.0,35.0,4.5,228.5,73,19.0,0,0,0,0,0,1,0,0,1
560,215.0,20.0,34.0,59.0,4.5,228.5,73,18.0,0,1,1,0,0,0,0,0,0
561,294.0,2.0,65.0,35.0,3.4,228.5,73,6.0,0,1,1,0,0,1,0,0,1
562,165.0,45.0,140.0,37.0,3.1,228.5,73,49.0,1,1,0,0,0,0,1,0,1
563,40.0,9.0,46.0,162.0,4.0,228.5,73,41.0,0,1,1,0,0,1,0,0,1
564,380.0,5.0,25.0,37.0,3.3,228.5,73,8.0,0,0,0,1,0,0,1,1,1
565,74.0,28.0,12.0,147.0,4.1,228.5,73,47.0,0,1,1,0,0,0,0,0,0
566,220.0,32.0,33.0,131.0,4.2,228.5,73,27.0,0,1,1,1,0,1,0,0,1
567,378.0,27.0,101.0,119.0,3.9,228.5,73,39.0,0,0,1,0,0,0,0,0,0
569,233.0,20.0,11.0,105.0,3.3,228.5,73,65.0,0,1,0,0,1,1,1,0,1
570,238.0,22.0,49.0,189.0,3.9,217.0,20,112.0,0,1,0,1,0,0,0,0,1
571,147.0,9.0,61.0,168.0,4.5,217.0,20,20.0,0,1,1,1,0,1,1,0,1
572,17.0,2.0,102.0,175.0,4.2,217.0,20,52.0,1,1,0,1,0,1,1,0,1
573,242.0,2.0,50.0,77.0,3.5,217.0,20,39.0,0,1,0,0,0,0,0,0,0
574,122.0,2.0,171.0,82.0,4.0,217.0,20,49.0,0,1,0,0,0,0,0,0,0
575,366.0,2.0,8.0,203.0,4.5,217.0,20,13.0,0,0,0,0,0,0,0,0,0
576,272.0,17.0,137.0,77.0,4.5,217.0,20,11.0,1,1,1,0,0,0,0,0,0
577,35.0,8.0,94.0,11.0,3.8,217.0,20,39.0,0,1,0,1,0,0,0,0,1
578,261.0,4.0,20.0,109.0,3.9,217.0,20,90.0,0,0,1,0,1,0,0,0,0
579,97.0,5.0,132.0,116.0,2.0,217.0,20,39.0,0,0,0,0,0,0,0,0,0
580,21.0,5.0,170.0,177.0,4.8,217.0,20,10.0,1,0,0,1,0,0,0,0,1
581,261.0,4.0,82.0,109.0,3.9,217.0,20,90.0,0,0,1,0,1,0,0,0,0
582,324.0,13.0,148.0,200.0,3.3,217.0,20,148.0,1,0,0,0,0,0,0,0,0
583,233.0,20.0,100.0,14.0,3.3,217.0,20,65.0,0,1,1,1,0,1,1,0,0
584,227.0,17.0,144.0,147.0,5.0,217.0,20,7.0,1,0,0,1,0,0,0,0,0
586,356.0,1.0,34.0,37.0,3.4,217.0,20,31.0,0,1,1,0,0,0,0,0,1
587,193.0,24.0,75.0,148.0,3.3,217.0,20,27.0,0,0,1,0,1,0,0,0,0
588,18.0,1.0,139.0,119.0,2.9,217.0,20,25.0,1,1,1,0,1,0,0,0,0
589,338.0,20.0,91.0,98.0,3.8,217.0,20,74.0,0,0,0,0,0,0,0,0,0
590,242.0,2.0,34.0,105.0,3.5,217.0,20,39.0,0,1,1,1,0,0,0,0,0
591,39.0,5.0,112.0,70.0,4.0,146.0,52,110.0,0,1,1,0,0,0,1,0,1
592,40.0,9.0,140.0,162.0,4.0,146.0,52,41.0,1,1,1,0,0,1,0,0,1
593,406.0,10.0,49.0,178.0,3.4,146.0,52,25.0,0,1,1,0,0,0,0,0,1
594,149.0,5.0,49.0,40.0,3.9,146.0,52,193.0,0,1,1,1,1,0,0,0,0
595,68.0,20.0,49.0,194.0,3.8,146.0,52,76.0,0,0,0,0,0,0,0,0,1
596,241.0,11.0,49.0,37.0,4.5,146.0,52,15.0,0,1,1,1,1,0,0,0,0
597,283.0,1.0,49.0,110.0,4.3,146.0,52,14.0,0,1,0,0,0,0,0,0,1
599,129.0,24.0,49.0,115.0,2.9,146.0,52,18.0,0,1,1,1,1,1,0,0,1
600,304.0,27.0,49.0,189.0,2.9,146.0,52,38.0,0,1,0,1,0,0,0,0,1
601,102.0,31.0,49.0,27.0,3.2,146.0,52,19.0,0,1,1,0,1,0,0,0,1
602,208.0,2.0,74.0,91.0,4.5,146.0,52,81.0,0,0,0,0,0,0,0,0,1
603,298.0,27.0,59.0,5.0,5.0,146.0,52,12.0,0,1,0,0,0,1,0,0,0
604,109.0,24.0,49.0,160.0,3.5,146.0,52,13.0,0,1,0,0,1,1,0,0,0
605,230.0,0.0,49.0,119.0,4.0,146.0,52,39.0,0,1,1,0,0,0,0,0,0
606,245.0,17.0,49.0,194.0,4.4,146.0,52,26.0,0,0,0,0,0,0,0,0,0
607,407.0,27.0,49.0,9.0,4.2,146.0,52,24.0,0,1,1,1,0,1,0,0,0
608,185.0,11.0,49.0,142.0,3.2,146.0,52,39.0,0,1,0,0,0,0,0,0,0
609,396.0,2.0,49.0,58.0,3.4,146.0,52,38.0,0,0,0,0,0,0,0,0,1
611,246.0,4.0,0.0,190.0,3.6,157.5,54,26.0,1,1,1,1,0,0,0,1,0
612,236.0,42.0,140.0,2.0,4.2,157.5,54,55.0,1,1,1,0,1,1,0,0,1
614,143.0,30.0,49.0,196.0,3.2,157.5,54,170.0,0,0,0,0,0,0,0,0,0
616,308.0,40.0,49.0,65.0,2.8,157.5,54,40.0,0,1,1,1,0,0,0,0,1
617,407.0,27.0,49.0,9.0,4.2,157.5,54,24.0,0,1,1,1,0,1,0,0,0
618,44.0,2.0,49.0,2.0,4.5,157.5,54,14.0,0,0,0,1,0,0,0,0,0
619,191.0,11.0,49.0,15.0,3.0,157.5,54,17.0,0,1,1,0,0,0,1,1,0
620,111.0,2.0,49.0,189.0,3.3,157.5,54,72.0,0,1,1,0,0,0,0,0,1
622,22.0,24.0,34.0,130.0,3.5,157.5,54,10.0,0,0,1,1,1,0,0,0,1
623,420.0,11.0,49.0,12.0,3.5,157.5,54,25.0,0,1,1,0,1,0,0,0,1
624,188.0,9.0,49.0,77.0,3.6,157.5,54,33.0,0,1,1,0,1,0,0,0,0
625,393.0,17.0,49.0,2.0,3.0,157.5,54,11.0,0,0,0,0,0,0,0,0,0
626,268.0,11.0,71.0,22.0,4.0,157.5,54,27.0,0,1,0,0,0,0,0,0,1
627,256.0,45.0,49.0,184.0,4.6,157.5,54,35.0,0,1,1,0,1,0,0,0,1
628,155.0,9.0,49.0,126.0,4.3,157.5,54,23.0,0,1,1,0,0,1,1,0,0
629,69.0,45.0,49.0,37.0,4.7,157.5,54,29.0,0,0,0,0,0,0,0,0,0
630,124.0,27.0,49.0,7.0,3.7,157.5,54,19.0,0,1,0,1,0,0,0,0,0
631,238.0,22.0,68.0,119.0,3.9,169.5,63,112.0,0,1,0,0,0,0,0,0,1
632,43.0,17.0,49.0,117.0,4.9,169.5,63,10.0,0,1,0,0,0,1,0,0,0
633,80.0,11.0,49.0,172.0,3.0,169.5,63,39.0,0,1,1,1,0,0,1,0,1
634,210.0,56.0,49.0,114.0,2.5,169.5,63,69.0,0,1,1,1,1,1,1,0,1
635,55.0,11.0,49.0,162.0,3.5,169.5,63,25.0,0,1,0,1,0,0,1,0,1
636,298.0,27.0,60.0,12.0,5.0,169.5,63,12.0,0,1,0,0,0,1,0,0,0
638,242.0,2.0,140.0,77.0,3.5,169.5,63,39.0,1,1,1,0,0,1,0,0,0
639,254.0,17.0,49.0,15.0,3.0,169.5,63,24.0,0,1,0,0,0,0,0,0,1
640,59.0,45.0,66.0,119.0,5.0,169.5,63,36.0,0,1,0,0,0,0,0,0,1
641,409.0,27.0,49.0,37.0,4.7,169.5,63,39.0,0,1,1,1,0,0,0,0,1
642,28.0,30.0,34.0,88.0,3.3,169.5,63,31.0,0,1,1,1,0,0,0,0,0
643,390.0,30.0,49.0,81.0,3.3,169.5,63,49.0,0,1,0,0,0,0,0,0,1
644,67.0,2.0,49.0,35.0,3.5,169.5,63,61.0,0,0,1,0,0,0,0,0,0
645,34.0,9.0,3.0,167.0,4.1,169.5,63,47.0,0,1,0,0,0,1,1,0,0
646,242.0,2.0,49.0,77.0,3.5,169.5,63,39.0,0,1,1,0,1,0,1,0,1
647,355.0,42.0,81.0,127.0,3.9,169.5,63,76.0,0,1,0,0,0,0,0,0,0
648,93.0,11.0,49.0,185.0,4.7,169.5,63,15.0,0,1,1,0,0,0,1,0,0
649,216.0,9.0,48.0,19.0,4.8,169.5,63,11.0,0,1,0,0,0,0,0,0,1
651,39.0,5.0,2.0,70.0,4.0,169.5,63,110.0,0,1,1,1,0,0,0,0,0
652,167.0,1.0,140.0,53.0,3.8,188.5,62,14.0,1,0,0,0,0,0,0,0,0
653,209.0,48.0,160.0,48.0,3.8,188.5,62,27.0,1,1,0,1,0,0,0,0,1
654,176.0,2.0,49.0,94.0,2.7,188.5,62,13.0,0,0,0,1,0,0,0,0,0
655,96.0,25.0,49.0,194.0,4.0,188.5,62,39.0,0,1,1,1,1,0,0,0,0
658,42.0,27.0,49.0,194.0,3.8,188.5,62,13.0,0,1,1,0,0,1,0,0,1
659,295.0,2.0,49.0,0.0,3.2,188.5,62,5.0,0,1,0,0,0,1,0,0,0
661,316.0,38.0,49.0,197.0,3.6,188.5,62,39.0,0,1,1,0,1,0,0,0,1
663,7.0,45.0,49.0,54.0,4.1,188.5,62,19.0,0,1,1,0,0,1,1,0,1
665,108.0,27.0,49.0,192.0,3.8,188.5,62,18.0,0,1,1,0,0,0,0,0,1
666,146.0,5.0,49.0,19.0,4.0,188.5,62,13.0,0,1,1,0,0,0,0,0,1
667,373.0,1.0,49.0,61.0,3.6,188.5,62,34.0,0,1,1,0,1,1,0,0,1
670,83.0,1.0,49.0,162.0,5.0,188.5,62,39.0,0,1,1,0,0,1,1,0,1
671,0.0,56.0,49.0,119.0,2.7,188.5,62,47.0,0,1,1,0,1,0,0,0,1
